1281
1318
1787
1835
1887
1938
1985
2036
2084
2136
2189
2246
2290
2338
2394
2454
2502
2554
2603
2656
2704
2756
2804
2856
2903
2954
2998
3046
3093
3144
3186
3277
3327
3378
3449
3510
3610
3661
3765
3821
3929
3991
4327
4396
4459
4534
4609
4767
4891
4962
5033
5097
5161
5221
5281
5341
5424
5500
5572
5642
5714
5799
5884
5969
6046
6123
6200
6277
6354
6424
6494
6564
6634
6702
6770
6838
6904
6970
7033
7096
7159
7222
7288
7354
7420
7486
7552
7618
7687
7756
7820
7884
7948
8012
8076
8139
8205
8271
8337
8403
8469
8535
8595
8655
8725
8847
8924
9060
9397
9569
9660
10081
10213
10510
10623
10728
10839
10936
11040
11146
11261
11443
11559
11649
11735
11815
12173
12281
12599
12717
12830
12950
13068
13181
13294
13396
13496
13595
13693
13799
13897
14163
14256
14508
14601
14853
14946
15199
15293
15382
15620
15708
15791
16019
16105
16186
16265
16344
16426
16504
16580
16658
16796
17025
17113
17205
17295
17381
17485
17573
17646
17721
17802
17877
17953
18032
18108
18256
18345
18436
18533
18624
18716
18811
18903
19075
19164
19255
19490
19569
19670
19780
19883
20055
20133
20226
20320
20419
20518
20619
20720
20830
20940
21038
21134
21232
21331
21434
21530
21628
21727
21776
21827
21936
22004
22178
22239
22313
22385
22457
22524
22589
22654
22715
22778
22841
22902
22965
23027
23090
23150
23225
23298
23378
23438
23498
23573
23648
23730
23812
23881
23949
24008
24067
24126
24185
24244
24311
24378
24441
24504
24567
24633
24710
24781
24852
24920
24993
25066
25145
25217
25287
25355
25422
25486
25554
25626
25734
25795
25922
25990
26054
26114
26181
26244
26300
26361
26428
26487
26554
26616
26676
26739
26813
26887
26947
27368
27425
27485
27541
27598
27659
27716
27770
27842
27909
27959
28022
28081
28147
28215
28280
28345
28507
28590
28692
28768
28840
28913
28987
29053
29125
29190
29254
29318
29392
29445
29506
29561
29625
29684
29748
29808
29871
29929
29995
30056
30119
30177
30243
30305
30369
30428
30502
30570
30633
30694
30750
30817
30879
30951
31018
31081
31139
31202
31260
31322
31379
31438
31490
31557
31619
31696
31769
31839
31909
31973
32047
32121
32190
32268
32345
32417
32483
32548
32609
32694
32774
32846
32917
32984
33048
33123
33197
33267
33337
33407
33472
33541
33611
33675
33746
33816
33882
33952
34022
34087
34157
34227
34292
34361
34440
34514
34583
34652
34716
34784
34847
34906
34972
35040
35103
35176
35244
35313
35377
35446
35510
35584
35653
35727
35796
35851
35901
35966
36026
36089
36212
36284
36353
36429
36505
36577
36644
36707
36776
36839
36901
36966
37026
37092
37162
37234
37308
37379
37447
37512
37583
37645
37720
37788
37856
37919
38003
38071
38127
38179
38242
38300
38365
38425
38484
38545
38609
38672
38735
38801
38859
38917
38979
39036
39095
39159
39212
39272
39342
39409
39464
39514
39583
39642
39709
39771
39830
39894
39950
40022
40082
40138
40196
40250
40320
40378
40434
40491
40559
40623
40684
40758
40824
40888
40955
41018
41090
41158
41222
41278
41338
41399
41459
41521
41578
41637
41694
41756
41819
41889
41949
42006
42063
42125
42179
42240
42296
42351
42426
42486
42546
42606
42672
42730
42790
42840
42895
42945
43003
43056
43116
43171
43235
43301
43372
43437
43496
43550
43611
43668
43723
43790
43852
43917
43977
44035
44090
44163
44236
44310
44385
44458
44533
44609
44683
44758
44832
44915
44990
45067
45126
45187
45251
45319
45384
45441
45504
45568
45625
45693
45763
45823
45878
45941
45999
46056
46116
46177
46244
46299
46354
46408
46464
46535
46605
46659
46718
46771
46825
46884
46944
46998
47071
47138
47190
47246
47303
47371
47448
47511
47578
47646
47723
47795
47858
47921
47985
48052
48166
48327
48366
48405
48443
48532
48588
48648
48689
48735
48787
48825
48867
48916
48969
49023
49081
49135
49193
49247
49305
49358
49415
49458
49505
49600
49645
49690
49744
49801
49855
49909
49963
50017
50074
50131
50185
50242
50296
50353
50410
50460
50508
50556
50720
50760
50804
50848
50896
50938
50984
51032
51070
51112
51152
51196
51238
51284
51325
51370
51417
51459
51541
51584
51675
51770
51873
52036
52133
52175
52220
52312
52359
52408
52457
52506
52555
52604
52653
52705
52757
52853
52903
52957
53011
53077
53141
53207
53273
53343
53405
53487
53550
53611
53675
53736
53800
53866
53934
53998
54060
54124
54198
54255
54318
54377
54442
54509
54571
54633
54699
54757
54834
54893
54950
55021
55069
55122
55188
55255
55307
55360
55468
55519
55573
55628
55695
55759
55825
55891
55961
56023
56105
56168
56229
56293
56354
56418
56484
56552
56617
56679
56743
56817
56874
56937
56996
57061
57129
57191
57253
57319
57377
57455
57514
57571
57642
57690
57744
57810
57878
57931
57984
58091
58142
58196
58251
58318
58382
58448
58514
58584
58646
58728
58791
58852
58916
58977
59041
59107
59175
59240
59302
59366
59440
59497
59560
59619
59684
59752
59814
59876
59942
60000
60078
60137
60194
60265
60313
60367
60433
60501
60554
60607
60714
60765
60819
60874
60941
61005
61071
61137
61207
61269
61351
61414
61475
61539
61600
61664
61730
61798
61863
61925
61989
62063
62120
62183
62242
62307
62375
62437
62499
62565
62623
62701
62760
62817
62888
62936
62990
63056
63124
63177
63230
63342
63404
63462
63521
63584
63648
63748
63799
63853
63908
63975
64039
64105
64171
64241
64303
64385
64448
64509
64573
64634
64698
64764
64832
64897
64959
65023
65097
65154
65217
65276
65341
65409
65471
65533
65599
65657
65735
65794
65851
65922
65970
66024
66090
66158
66211
66264
66371
66422
66476
66531
66598
66662
66728
66794
66864
66926
67008
67071
67132
67196
67257
67321
67387
67455
67520
67582
67646
67720
67777
67840
67899
67964
68032
68094
68156
68222
68280
68358
68417
68474
68545
68593
68647
68713
68781
68834
68887
68994
69045
69099
69154
69221
69285
69351
69417
69487
69549
69631
69694
69755
69819
69880
69944
70010
70078
70143
70205
70269
70343
70400
70463
70522
70587
70655
70717
70779
70845
70903
70981
71040
71097
71168
71216
71270
71336
71404
71457
71510
71620
71674
71731
71789
71859
71926
71995
72064
72137
72202
72287
72353
72417
72484
72548
72615
72684
72755
72823
72888
72955
73032
73092
73158
73220
73288
73359
73424
73489
73558
73619
73700
73762
73822
73896
73947
74004
74073
74144
74200
74256
74369
74423
74480
74538
74608
74675
74744
74813
74886
74951
75036
75102
75166
75233
75297
75364
75433
75504
75572
75637
75704
75781
75841
75907
75969
76037
76108
76173
76238
76307
76368
76449
76511
76571
76645
76696
76753
76822
76893
76949
77005
77118
77172
77229
77287
77357
77424
77493
77562
77635
77700
77785
77851
77915
77982
78046
78113
78182
78253
78321
78386
78453
78530
78590
78656
78718
78786
78857
78922
78987
79056
79117
79198
79260
79320
79394
79445
79502
79571
79642
79698
79754
79912
79972
80026
80096
80173
80246
80326
80385
80443
80516
80579
80638
80701
80772
80848
80905
80966
81029
81109
81173
81229
81284
81346
81407
81464
81523
81583
81647
81708
81761
81817
81879
81940
82003
82042
82084
82126
82168
82210
82252
82294
82339
82384
82429
82473
82521
82566
82609
82653
82692
82740
82784
82826
82871
82916
82961
83006
83051
83096
83144
83192
83240
83293
83346
83399
83452
83505
83558
83614
83670
83726
83772
83816
83858
83901
83986
84047
84105
84156
84206
84250
84291
84330
84460
84523
84627
84685
84952
85031
85098
85176
85249
85319
85390
85455
85531
85607
85673
85758
85832
85903
85972
86042
86134
86205
86273
86353
86421
86495
86571
86644
86701
86758
86808
86859
86906
86961
87061
87119
87170
87219
87267
87314
88672
88776
88879
88983
89087
89191
89295
89398
89501
89604
89707
89811
89915
90018
90122
90225
90327
90430
90532
90635
90739
90843
90947
91050
91154
91258
91434
91538
91640
91744
91847
91951
92072
92175
92279
92383
92487
92590
92693
92795
92898
93001
93104
93208
93312
93416
93520
93623
93726
93830
93933
94036
94138
94241
94345
94448
94552
94655
94757
94860
94964
95068
95172
95275
95378
95481
95583
95686
95790
95894
95997
96100
96203
96306
96410
96513
96970
97073
97177
97279
97381
97484
97587
97709
97813
97917
98020
98123
98225
98329
98431
98535
98638
98742
98846
98950
99054
99156
99259
99363
99467
99570
99672
99776
99878
99981
100084
100188
100292
100396
100500
100604
100708
100812
100915
101018
101122
101224
101328
101432
101535
101639
101742
101844
101947
102051
102154
102256
102360
102462
102565
102669
102773
102877
102980
103084
103188
103291
103395
103499
103602
103705
103808
103912
104016
104120
104223
104327
104431
104534
104637
104836
107933
108036
108140
108244
108348
108450
108553
108656
108759
108863
108967
109070
109173
109276
109379
109481
109585
109687
109790
109893
109997
110100
110204
110307
110409
110513
110617
110720
110823
110927
111030
111133
111237
111340
111444
111548
111651
111755
111859
111963
112066
112170
112273
112377
112479
112583
112687
112789
112944
113048
113151
113253
113356
113458
113561
113664
113812
113915
114018
114122
114223
114326
114430
114533
114637
114740
114844
114948
115050
115153
116393
116497
116599
116741
116845
116949
117053
117157
117261
117364
117466
117569
117672
117776
117880
117983
118086
118189
118293
118404
118507
118611
118715
118819
118923
119027
119130
119233
119335
119438
119542
119644
119748
119852
119955
120057
120096
120200
120302
120406
120510
120612
120716
120820
120923
121026
121130
121233
121337
121441
121544
121648
121752
121856
121959
122062
122165
122267
122370
122474
122577
122696
122800
122903
123007
123111
123214
123317
123420
123523
123626
123764
124081
124184
124288
124391
124493
124597
124700
124801
124903
125007
125110
125214
125317
125421
125524
125626
125729
125832
125936
126040
126144
126246
126349
126453
126554
126656
126759
126863
126967
127069
127172
127276
127380
127482
127586
127689
127793
127897
128001
128105
128209
128313
128416
128519
128623
128726
128829
128933
129036
129139
129255
129357
129461
129565
129667
129770
129873
129976
130079
130182
130286
130389
130493
130597
130701
130811
130914
131018
131121
131225
131327
131431
131534
131707
131810
131913
132017
132121
132225
132328
132432
132535
132639
132743
132846
132950
133054
133158
133262
133365
133468
133572
133675
133779
133882
133985
134089
134193
134296
134399
134502
134606
134710
134814
134917
135020
135123
135225
135328
135432
135536
135639
135743
135846
135949
136051
136153
136255
136359
136463
136567
136670
136773
136876
136980
137084
137186
137289
137392
137496
137600
137702
137806
137910
138013
138116
138220
138323
138426
138528
138631
138734
138838
139303
139407
139510
139613
139717
139819
139922
140026
140128
140230
140333
140436
140538
140642
140746
140849
140951
141055
141159
141263
141366
141470
141573
141676
141780
141883
141986
142089
142193
142296
142400
142503
142607
142710
142813
142915
143017
143121
143225
143328
143432
143536
143640
143743
143846
143950
144053
144157
144260
144364
144467
144571
144674
144777
144880
144983
145086
145189
145292
145394
145498
145602
145706
145810
145913
146017
146120
146224
146327
146431
146533
146636
146739
146842
146944
147048
147151
147254
147358
147461
147564
147668
147771
147875
147978
148082
148186
148289
148393
148497
148601
148703
148807
148910
149014
149117
149220
149324
149428
149531
149634
149737
149841
149944
150048
150151
150254
150357
150459
150561
150665
150768
150870
150974
151078
151181
151283
151386
151489
151592
151696
151799
151903
152006
152109
152212
152315
152419
152523
152625
152728
152831
152934
153045
153149
153252
153355
153458
153562
153664
153767
153871
153975
154078
154180
154283
154386
154489
154593
154697
154800
154904
155080
155184
155288
155392
155495
155598
155701
155804
155908
156011
156115
156219
156322
156425
156528
156631
156735
156838
156941
157044
157147
157251
157813
157916
158018
158121
158224
158328
158432
158535
158639
158743
158847
158950
159053
159157
159260
159363
159467
159571
159674
159777
159880
159982
160086
160190
160293
160397
160501
160602
160706
160809
160912
161015
161119
161223
161326
161430
161533
161636
161740
161843
161946
162049
162153
162257
162361
162464
162567
162671
162773
162877
162978
163082
163186
163290
163394
163497
163599
163702
163805
163909
164013
164117
164221
164325
164429
164533
164636
164740
164844
164948
165051
165154
165257
165361
165465
165568
165672
165776
165880
165983
166087
166198
166301
166404
166508
166611
166715
166819
166923
167027
167131
167235
167337
167441
167544
167648
167751
167854
167957
168061
168164
168267
168370
168473
168576
168678
168782
168886
168988
169092
169195
169662
169709
169763
169805
169846
169903
169967
170027
170457
170507
171670
171721
171781
171831
172835
172885
172943
174111
174155
174208
174419
174574
174638
175665
175826
175935
176240
177835
177886
177937
177978
180406
180445
180494
181055
181321
181365
181407
181506
181609
181653
181697
181741
181785
181829
181873
181920
181967
182881
182919
182971
184306
184362
184429
184623
184924
184966
185127
185231
185539
185592
185819
186035
187250
187436
187481
187593
188122
188189
188933
188976
189031
189409
189551
189648
189745
189842
190387
190491
190594
190698
190801
190905
191008
191111
191213
191316
191420
191523
191627
191731
191833
191936
192039
192142
192245
192348
192452
192554
192658
192761
192864
192966
193070
193173
193277
193381
193485
193589
193692
193796
193899
194001
194104
194206
194309
194413
194516
194620
194776
194819
194921
195025
195129
195175
195321
195423
195526
195630
195734
195837
195952
196065
196180
196295
196414
196525
196656
196768
196878
196991
197277
197379
197523
197572
197617
197663
197713
198324
198428
198531
198634
198738
198841
198945
199048
199151
199253
199356
199458
199561
199700
199752
199921
200931
200992
201048
201087
201173
201221
201298
201353
201410
201455
201499
201553
202067
202126
202185
202244
202301
202416
202468
202520
202572
202622
203270
203517
203599
203649
203689
203730
203877
203918
204147
204721
204824
204927
205031
205132
205235
205337
205441
205544
205648
205750
205854
205958
206060
206163
206267
206370
206473
206577
206680
206784
206888
206992
207095
207199
207303
207405
207508
207612
207715
207818
207920
208024
208128
208232
208336
208439
208542
208645
208749
208853
208956
209059
209162
209264
209368
209471
209575
209679
209782
209891
209994
210097
210201
210304
210414
210518
210560
210663
210824
210927
211030
211134
211237
211341
211444
211546
211650
211754
211858
211961
212065
212168
212348
212451
212592
212774
212820
212924
213027
213130
213233
213335
213557
213644
213757
213872
213989
214102
214213
214326
214449
214555
215301
215405
215507
215611
215713
215817
215920
216023
216127
216230
216334
216436
216539
216643
216747
216851
216953
217057
217160
217264
217367
217471
217575
217679
217783
217886
217997
218101
218205
218308
218411
218514
218618
218719
218821
218925
219029
219133
219237
219340
219444
219547
219651
219754
219858
219962
220081
220185
220289
220391
220495
220597
220701
220803
220907
221011
221114
221216
221320
221423
221527
221630
221733
221837
221941
222044
222148
222252
222355
222458
222561
222664
222768
222854
222900
222950
223053
223157
223261
223365
223469
223573
223676
223779
223887
223991
224094
224196
224679
224783
224886
224989
225093
225146
225337
225398
225525
225578
225627
225679
225726
225781
225831
225883
226409
226464
226515
226568
226616
226679
226736
226788
226838
226883
226939
226990
227051
227107
227159
227282
227429
227481
227528
227588
228339
228390
228436
228484
228648
228756
228974
229023
229192
229240
229288
229336
229392
229443
229509
229571
229630
229689
229742
229853
229964
230079
230186
230312
230420
230584
230647
230710
230768
230835
230901
230962
231017
231071
231121
231195
231264
231325
231385
231441
231506
231559
231623
231686
231745
231804
231863
231917
231975
232034
232087
232147
232206
232261
232320
232379
232433
232492
232551
232605
232663
232731
232794
232852
232910
232963
233007
233118
233175
233272
233384
233586
233763
233867
233970
234074
234178
234281
234384
234487
234590
234694
234798
234901
235005
235109
235213
235316
235427
235530
235634
235738
235842
235945
236048
236151
236254
236356
236458
236561
236664
236767
236870
236974
237077
237180
237283
237387
237490
237593
237697
237805
237909
238013
238117
238220
238324
238426
238528
238631
238735
238838
238940
239043
239147
239251
239353
239457
239560
239664
239768
239871
239974
240078
240180
240481
240580
240626
240730
240783
240837
240940
241042
241144
241247
241284
241326
241381
241484
241586
241690
241793
241897
242039
242146
242250
242354
242457
242559
242607
242651
242946
243003
243055
243117
243174
243232
243285
243343
243396
243459
243517
243580
243730
243781
243822
243863
243913
243966
244016
244066
244116
244166
244219
244272
244322
244375
244425
244478
244531
244579
244625
244669
244713
244817
245435
245539
245640
245743
245847
245950
246053
246438
246496
246540
246579
246626
246669
246719
246810
246850
246897
246991
247254
247358
247462
247564
247668
247772
247876
247980
248083
248185
248289
248392
248496
248600
248702
248806
248910
249013
249117
249221
249325
249429
249531
249635
249739
249842
249944
250048
250152
250256
250360
250464
250567
250669
250772
250881
250984
251087
251191
251294
251398
251502
251604
251756
251860
251964
252067
252676
252779
252883
252986
253090
253193
253295
253398
253502
253606
253709
253812
253915
254017
254120
254224
254326
254429
254532
254636
254739
254843
254947
255049
255152
255256
255400
255454
255503
255555
255603
255651
255699
255746
255794
255851
255899
255947
255997
256053
256103
256154
256208
256259
256313
256369
256427
256491
256549
256608
256670
256729
256791
258331
258435
258538
258647
258750
258854
258957
259059
259163
259266
259370
259473
259577
259681
259784
259887
259991
260095
260199
260308
260412
260515
260619
260722
260826
260930
261034
261136
261240
261359
261463
261566
261670
261774
261877
261980
262082
262186
262289
262392
262494
262598
262700
262802
262905
263009
263112
263216
263319
263423
263526
263629
263732
263836
263940
264042
264145
264248
264351
264455
264559
264662
264766
264870
264918
265388
265491
265595
265699
265801
265903
266006
266109
266213
266317
266419
266523
266626
266730
266834
266937
267041
267615
267661
267859
267957
268061
268164
268306
268359
268424
268485
268541
269129
269423
269475
269520
269578
269630
270043
270097
270337
270408
271926
272197
272256
272317
272380
272440
272497
272551
272680
272851
273406
273467
273535
277169
277226
277283
277721
278194
278329
278954
279469
279520
279565
279606
279658
279705
279759
279854
279902
279952
280005
280057
280109
280164
280211
280258
280309
280355
280403
280456
280556
280598
280647
280706
280982
281460
281504
284093
284190
284224
284916
284955
284997
285039
285081
285183
285225
285267
285309
285354
285399
285444
285484
285528
285572
285616
285664
285712
285765
285807
285853
285901
285939
285981
286021
286065
286108
286151
286195
286234
286290
286334
286378
286428
286473
286518
286563
286608
286653
286698
286746
286794
286842
286884
286930
286983
287036
287089
287142
287195
287248
287304
287360
287416
287457
287502
287548
287600
287647
287689
287731
287777
287820
288510
288555
288613
288973
289015
289058
289257
289856
290724
290780
290825
290885
290943
291008
291095
291146
291194
291247
291292
291353
292032
292177
292226
292268
292313
292358
292418
292478
292545
292612
292656
292708
292753
292800
292843
292902
292949
292994
293040
293097
293150
293200
293263
293318
293371
293427
293479
293540
293848
293901
293955
294004
294049
294093
294186
294229
294279
294369
294420
294466
294616
294664
294710
294761
294813
294872
294921
294967
295013
295157
295200
295241
295291
295336
295380
295461
295525
295576
295625
295674
295723
295767
295811
295855
295899
295936
295977
296032
296079
296128
296175
296219
296348
296395
296437
296476
296736
296785
296870
296918
296963
297011
297054
297104
297468
298114
298169
298229
298459
298507
298550
298600
298642
298802
298928
299103
299479
299584
299643
299704
299765
299835
299993
301041
301097
302393
302435
302933
304128
304184
304242
304301
304355
304404
304451
304495
304557
304619
304700
304762
304825
304889
304951
305006
305070
305135
305198
305262
305325
305397
305461
305742
305786
305830
305931
305979
306030
306080
306132
306185
306230
306281
306325
306378
306421
306464
306521
306574
307127
307176
307427
307476
307529
307582
307631
307674
307725
308067
308167
308221
308273
308591
308639
308686
308732
309277
309323
309411
309678
310314
310476
310579
311013
311061
311534
311586
311827
311880
311928
311973
312021
312280
312600
312657
312716
312757
313008
313057
313728
313780
313988
314137
314438
314583
314628
314677
314727
314781
314831
315014
315060
315109
315297
315749
316134
316183
316231
316281
316324
317089
317139
317193
317235
317753
317796
317841
317890
317943
317984
318084
318377
318420
318493
318566
318639
318704
318769
318834
318899
318964
319022
319080
319138
319196
319247
319303
319359
319415
319469
319523
319574
319625
319676
319727
319781
319835
319889
319943
319997
320051
320108
320165
320217
320269
320321
320373
320425
320476
320530
320584
320638
320692
320746
320800
320843
321198
321254
321312
321371
321410
323297
323542
323803
323856
323904
324215
324446
324585
324633
324681
324729
324777
324825
324873
324915
324966
325009
325055
325103
325152
325214
325270
325326
325379
325422
325484
325540
325581
325639
325697
325755
325813
325858
325897
325961
326018
326073
326126
326178
326227
326280
326337
326383
326439
326496
326562
326614
326670
326723
326780
326842
326908
326969
327021
327416
327469
327525
327653
327694
327739
327779
327823
327860
327901
327941
327985
328043
328101
328158
328215
328264
328311
328346
328425
328465
