1231
1359
1714
3232
3565
3716
3875
4047
4095
4141
4274
4662
4713
4836
8795
9008
9112
9218
9322
9485
9751
9841
9959
10338
10421
11356
11902
11987
12076
12389
12492
14000
14077
14345
14422
14690
14767
15035
15112
15467
15539
15870
15940
16726
16879
16948
18187
18998
19335
19413
19979
21885
22064
22120
25681
25860
27002
28404
36148
48113
48224
48278
48493
49547
50606
50676
51505
51630
51730
51824
51936
51996
52093
52263
52809
55423
58047
60670
63293
63704
66327
68950
71573
74322
77071
79820
79863
83942
84369
84411
84586
84745
84790
84839
84892
87010
181138
189074
189455
189502
189599
189696
189793
197481
201221
202672
203517
203833
204195
213438
213601
225194
227243
228257
228297
233680
233721
240427
241432
242000
242899
246320
246365
246765
247036
247076
256891
256936
257046
257376
257415
257676
258289
268884
269681
279808
280897
284262
289116
290608
291056
291412
292091
294142
294328
295419
296558
297196
297280
298852
299354
300586
300949
301308
305527
308325
310537
310844
311445
311639
312126
312467
312802
315539
318338
321863
321908
323677
324406
328385
328646
328686
328728
