267763
267899
270146
270263
270472
270717
270790
271006
271074
271290
271547
271737
271809
271981
272122
272611
272731
272965
273214
273337
273766
273893
274022
274098
274170
274388
274457
274562
274630
274743
274812
274936
275008
275231
275299
275407
275477
275699
275768
275984
276127
276240
276309
276423
276489
276609
276678
276896
276965
277093
277335
277648
277870
277988
278063
278251
278387
278446
278511
278748
278820
279400
291468
291575
291633
291753
291873
291976
294519
295064
299354
299525
301385
301484
301539
301644
301747
301851
302059
302133
302187
302291
308784
308879
314923
315159
