87359
96654
96681
96750
96777
96842
104739
104778
104812
104938
104983
105028
105071
105110
105164
105214
105272
105325
105375
105430
105480
105530
105581
105631
105681
105735
105789
105839
105878
105919
105960
106004
106045
106087
106123
106168
106216
106265
106318
106369
106406
106455
106499
106549
106598
106652
106703
106747
106792
106837
106884
106929
106974
107019
107063
107114
107160
107205
107255
107308
107353
107398
107443
107488
107534
107571
107608
107659
107707
107766
107826
107879
115303
115364
115744
123930
123974
131638
267763
270146
270472
270601
270790
270902
271074
271290
271419
271624
271809
271981
272731
272911
272965
273095
273599
273704
273766
273893
274170
274284
274457
274630
274812
275008
275127
275299
275477
275592
275768
275880
276052
276127
276309
276489
276678
276792
276965
277335
277478
277794
277870
278063
278511
278632
278820
279014
279199
279253
291468
291633
291873
294519
299354
301385
301539
301747
301909
302059
302187
308784
314923
