1231
1281
1318
1359
1714
1787
1835
1887
1938
1985
2036
2084
2136
2189
2246
2290
2338
2394
2454
2502
2554
2603
2656
2704
2756
2804
2856
2903
2954
2998
3046
3093
3144
3186
3232
3277
3327
3378
3449
3510
3565
3610
3661
3716
3765
3821
3875
3929
3991
4047
4095
4141
4274
4327
4396
4459
4534
4609
4662
4713
4767
4836
4891
4962
5033
5097
5161
5221
5281
5341
5424
5500
5572
5642
5714
5799
5884
5969
6046
6123
6200
6277
6354
6424
6494
6564
6634
6702
6770
6838
6904
6970
7033
7096
7159
7222
7288
7354
7420
7486
7552
7618
7687
7756
7820
7884
7948
8012
8076
8139
8205
8271
8337
8403
8469
8535
8595
8655
8725
8795
8847
8924
9008
9060
9112
9218
9322
9397
9485
9569
9660
9751
9841
9959
10081
10213
10338
10421
10510
10623
10728
10839
10936
11040
11146
11261
11356
11443
11559
11649
11735
11815
11902
11987
12076
12173
12281
12389
12492
12599
12717
12830
12950
13068
13181
13294
13396
13496
13595
13693
13799
13897
14000
14077
14163
14256
14345
14422
14508
14601
14690
14767
14853
14946
15035
15112
15199
15293
15382
15467
15539
15620
15708
15791
15870
15940
16019
16105
16186
16265
16344
16426
16504
16580
16658
16726
16796
16879
16948
17025
17113
17205
17295
17381
17485
17573
17646
17721
17802
17877
17953
18032
18108
18187
18256
18345
18436
18533
18624
18716
18811
18903
18998
19075
19164
19255
19335
19413
19490
19569
19670
19780
19883
19979
20055
20133
20226
20320
20419
20518
20619
20720
20830
20940
21038
21134
21232
21331
21434
21530
21628
21727
21776
21827
21885
21936
22004
22064
22120
22178
22239
22313
22385
22457
22524
22589
22654
22715
22778
22841
22902
22965
23027
23090
23150
23225
23298
23378
23438
23498
23573
23648
23730
23812
23881
23949
24008
24067
24126
24185
24244
24311
24378
24441
24504
24567
24633
24710
24781
24852
24920
24993
25066
25145
25217
25287
25355
25422
25486
25554
25626
25681
25734
25795
25860
25922
25990
26054
26114
26181
26244
26300
26361
26428
26487
26554
26616
26676
26739
26813
26887
26947
27002
27368
27425
27485
27541
27598
27659
27716
27770
27842
27909
27959
28022
28081
28147
28215
28280
28345
28404
28507
28590
28692
28768
28840
28913
28987
29053
29125
29190
29254
29318
29392
29445
29506
29561
29625
29684
29748
29808
29871
29929
29995
30056
30119
30177
30243
30305
30369
30428
30502
30570
30633
30694
30750
30817
30879
30951
31018
31081
31139
31202
31260
31322
31379
31438
31490
31557
31619
31696
31769
31839
31909
31973
32047
32121
32190
32268
32345
32417
32483
32548
32609
32694
32774
32846
32917
32984
33048
33123
33197
33267
33337
33407
33472
33541
33611
33675
33746
33816
33882
33952
34022
34087
34157
34227
34292
34361
34440
34514
34583
34652
34716
34784
34847
34906
34972
35040
35103
35176
35244
35313
35377
35446
35510
35584
35653
35727
35796
35851
35901
35966
36026
36089
36148
36212
36284
36353
36429
36505
36577
36644
36707
36776
36839
36901
36966
37026
37092
37162
37234
37308
37379
37447
37512
37583
37645
37720
37788
37856
37919
38003
38071
38127
38179
38242
38300
38365
38425
38484
38545
38609
38672
38735
38801
38859
38917
38979
39036
39095
39159
39212
39272
39342
39409
39464
39514
39583
39642
39709
39771
39830
39894
39950
40022
40082
40138
40196
40250
40320
40378
40434
40491
40559
40623
40684
40758
40824
40888
40955
41018
41090
41158
41222
41278
41338
41399
41459
41521
41578
41637
41694
41756
41819
41889
41949
42006
42063
42125
42179
42240
42296
42351
42426
42486
42546
42606
42672
42730
42790
42840
42895
42945
43003
43056
43116
43171
43235
43301
43372
43437
43496
43550
43611
43668
43723
43790
43852
43917
43977
44035
44090
44163
44236
44310
44385
44458
44533
44609
44683
44758
44832
44915
44990
45067
45126
45187
45251
45319
45384
45441
45504
45568
45625
45693
45763
45823
45878
45941
45999
46056
46116
46177
46244
46299
46354
46408
46464
46535
46605
46659
46718
46771
46825
46884
46944
46998
47071
47138
47190
47246
47303
47371
47448
47511
47578
47646
47723
47795
47858
47921
47985
48052
48113
48166
48224
48278
48327
48366
48405
48443
48493
48532
48588
48648
48689
48735
48787
48825
48867
48916
48969
49023
49081
49135
49193
49247
49305
49358
49415
49458
49505
49547
49600
49645
49690
49744
49801
49855
49909
49963
50017
50074
50131
50185
50242
50296
50353
50410
50460
50508
50556
50606
50676
50720
50760
50804
50848
50896
50938
50984
51032
51070
51112
51152
51196
51238
51284
51325
51370
51417
51459
51505
51541
51584
51630
51675
51730
51770
51824
51873
51936
51996
52036
52093
52133
52175
52220
52263
52312
52359
52408
52457
52506
52555
52604
52653
52705
52757
52809
52853
52903
52957
53011
53077
53141
53207
53273
53343
53405
53487
53550
53611
53675
53736
53800
53866
53934
53998
54060
54124
54198
54255
54318
54377
54442
54509
54571
54633
54699
54757
54834
54893
54950
55021
55069
55122
55188
55255
55307
55360
55423
55468
55519
55573
55628
55695
55759
55825
55891
55961
56023
56105
56168
56229
56293
56354
56418
56484
56552
56617
56679
56743
56817
56874
56937
56996
57061
57129
57191
57253
57319
57377
57455
57514
57571
57642
57690
57744
57810
57878
57931
57984
58047
58091
58142
58196
58251
58318
58382
58448
58514
58584
58646
58728
58791
58852
58916
58977
59041
59107
59175
59240
59302
59366
59440
59497
59560
59619
59684
59752
59814
59876
59942
60000
60078
60137
60194
60265
60313
60367
60433
60501
60554
60607
60670
60714
60765
60819
60874
60941
61005
61071
61137
61207
61269
61351
61414
61475
61539
61600
61664
61730
61798
61863
61925
61989
62063
62120
62183
62242
62307
62375
62437
62499
62565
62623
62701
62760
62817
62888
62936
62990
63056
63124
63177
63230
63293
63342
63404
63462
63521
63584
63648
63704
63748
63799
63853
63908
63975
64039
64105
64171
64241
64303
64385
64448
64509
64573
64634
64698
64764
64832
64897
64959
65023
65097
65154
65217
65276
65341
65409
65471
65533
65599
65657
65735
65794
65851
65922
65970
66024
66090
66158
66211
66264
66327
66371
66422
66476
66531
66598
66662
66728
66794
66864
66926
67008
67071
67132
67196
67257
67321
67387
67455
67520
67582
67646
67720
67777
67840
67899
67964
68032
68094
68156
68222
68280
68358
68417
68474
68545
68593
68647
68713
68781
68834
68887
68950
68994
69045
69099
69154
69221
69285
69351
69417
69487
69549
69631
69694
69755
69819
69880
69944
70010
70078
70143
70205
70269
70343
70400
70463
70522
70587
70655
70717
70779
70845
70903
70981
71040
71097
71168
71216
71270
71336
71404
71457
71510
71573
71620
71674
71731
71789
71859
71926
71995
72064
72137
72202
72287
72353
72417
72484
72548
72615
72684
72755
72823
72888
72955
73032
73092
73158
73220
73288
73359
73424
73489
73558
73619
73700
73762
73822
73896
73947
74004
74073
74144
74200
74256
74322
74369
74423
74480
74538
74608
74675
74744
74813
74886
74951
75036
75102
75166
75233
75297
75364
75433
75504
75572
75637
75704
75781
75841
75907
75969
76037
76108
76173
76238
76307
76368
76449
76511
76571
76645
76696
76753
76822
76893
76949
77005
77071
77118
77172
77229
77287
77357
77424
77493
77562
77635
77700
77785
77851
77915
77982
78046
78113
78182
78253
78321
78386
78453
78530
78590
78656
78718
78786
78857
78922
78987
79056
79117
79198
79260
79320
79394
79445
79502
79571
79642
79698
79754
79820
79863
79912
79972
80026
80096
80173
80246
80326
80385
80443
80516
80579
80638
80701
80772
80848
80905
80966
81029
81109
81173
81229
81284
81346
81407
81464
81523
81583
81647
81708
81761
81817
81879
81940
82003
82042
82084
82126
82168
82210
82252
82294
82339
82384
82429
82473
82521
82566
82609
82653
82692
82740
82784
82826
82871
82916
82961
83006
83051
83096
83144
83192
83240
83293
83346
83399
83452
83505
83558
83614
83670
83726
83772
83816
83858
83901
83942
83986
84047
84105
84156
84206
84250
84291
84330
84369
84411
84460
84523
84586
84627
84685
84745
84790
84839
84892
84952
85031
85098
85176
85249
85319
85390
85455
85531
85607
85673
85758
85832
85903
85972
86042
86134
86205
86273
86353
86421
86495
86571
86644
86701
86758
86808
86859
86906
86961
87010
87061
87119
87170
87219
87267
87314
