120057
123764
169662
169709
169763
169805
169846
169903
169967
170027
170457
170507
171670
171721
171781
171831
172835
172885
172943
174111
174155
174208
174419
174574
174638
175665
175826
175935
176240
177835
177886
177937
177978
180406
180445
180494
181055
181138
181321
181365
181407
181506
181609
181653
181697
181741
181785
181829
181873
181920
181967
182881
182919
182971
184306
184362
184429
184623
184924
184966
185127
185231
185539
185592
185819
186035
187250
187436
187481
187593
188122
188189
188933
188976
189031
189074
189409
189455
189502
189551
189599
189648
189696
189745
189793
189842
194776
195129
195734
195837
195952
196065
196180
196295
196414
196525
196656
196768
196878
196991
197481
197523
197572
197617
197663
197713
199700
199752
199921
200931
200992
201048
201087
201173
201221
201221
201298
201353
201410
201455
201499
201553
202067
202126
202185
202244
202301
202416
202468
202520
202572
202622
202672
203270
203517
203517
203599
203649
203689
203730
203833
203877
203918
204147
204195
210518
212592
212774
213438
213557
213601
213644
213757
213872
213989
214102
214213
214326
214449
214555
222768
222854
222900
225093
225146
225194
225337
225398
225525
225578
225627
225679
225726
225781
225831
225883
226409
226464
226515
226568
226616
226679
226736
226788
226838
226883
226939
226990
227051
227107
227159
227243
227282
227429
227481
227528
227588
228257
228297
228339
228390
228436
228484
228648
228756
228974
229023
229192
229240
229288
229336
229392
229443
229509
229571
229630
229689
229742
229853
229964
230079
230186
230312
230420
230584
230647
230710
230768
230835
230901
230962
231017
231071
231121
231195
231264
231325
231385
231441
231506
231559
231623
231686
231745
231804
231863
231917
231975
232034
232087
232147
232206
232261
232320
232379
232433
232492
232551
232605
232663
232731
232794
232852
232910
232963
233007
233118
233175
233272
233384
233586
233680
233721
240427
240481
240580
240730
240783
241247
241284
241326
241381
241432
242000
242559
242607
242651
242899
242946
243003
243055
243117
243174
243232
243285
243343
243396
243459
243517
243580
243730
243781
243822
243863
243913
243966
244016
244066
244116
244166
244219
244272
244322
244375
244425
244478
244531
244579
244625
244669
244713
244817
246320
246365
246438
246496
246540
246579
246626
246669
246719
246765
246810
246850
246897
246991
247036
247076
255400
255454
255503
255555
255603
255651
255699
255746
255794
255851
255899
255947
255997
256053
256103
256154
256208
256259
256313
256369
256427
256491
256549
256608
256670
256729
256791
256891
256936
257046
257376
257415
257676
258289
264870
267615
267859
268306
268359
268424
268485
268541
268884
269129
269423
269475
269520
269578
269630
269681
270043
270097
270337
270408
271926
272197
272256
272317
272380
272440
272497
272551
272680
272851
273406
273467
273535
277169
277226
277283
277721
278194
278329
278954
279469
279520
279565
279606
279658
279705
279759
279808
279854
279902
279952
280005
280057
280109
280164
280211
280258
280309
280355
280403
280456
280556
280598
280647
280706
280897
280982
281460
281504
284093
284190
284224
284262
284916
284955
284997
285039
285081
285183
285225
285267
285309
285354
285399
285444
285484
285528
285572
285616
285664
285712
285765
285807
285853
285901
285939
285981
286021
286065
286108
286151
286195
286234
286290
286334
286378
286428
286473
286518
286563
286608
286653
286698
286746
286794
286842
286884
286930
286983
287036
287089
287142
287195
287248
287304
287360
287416
287457
287502
287548
287600
287647
287689
287731
287777
287820
288510
288555
288613
288973
289015
289058
289116
289257
289856
290608
290724
290780
290825
290885
290943
291008
291056
291095
291146
291194
291247
291292
291353
291412
292032
292091
292177
292226
292268
292313
292358
292418
292478
292545
292612
292656
292708
292753
292800
292843
292902
292949
292994
293040
293097
293150
293200
293263
293318
293371
293427
293479
293540
293848
293901
293955
294004
294049
294093
294142
294186
294229
294279
294328
294369
294420
294466
294616
294664
294710
294761
294813
294872
294921
294967
295013
295157
295200
295241
295291
295336
295380
295419
295461
295525
295576
295625
295674
295723
295767
295811
295855
295899
295936
295977
296032
296079
296128
296175
296219
296348
296395
296437
296476
296558
296736
296785
296870
296918
296963
297011
297054
297104
297196
297280
297468
298114
298169
298229
298459
298507
298550
298600
298642
298802
298852
298928
299103
299354
299479
299584
299643
299704
299765
299835
299993
300586
300949
301041
301097
301308
302393
302435
302933
304128
304184
304242
304301
304355
304404
304451
304495
304557
304619
304700
304762
304825
304889
304951
305006
305070
305135
305198
305262
305325
305397
305461
305527
305742
305786
305830
305931
305979
306030
306080
306132
306185
306230
306281
306325
306378
306421
306464
306521
306574
307127
307176
307427
307476
307529
307582
307631
307674
307725
308067
308167
308221
308273
308325
308591
308639
308686
308732
309277
309323
309411
309678
310314
310476
310537
310579
310844
311013
311061
311445
311534
311586
311639
311827
311880
311928
311973
312021
312126
312280
312467
312600
312657
312716
312757
312802
313008
313057
313728
313780
313988
314137
314438
314583
314628
314677
314727
314781
314831
315014
315060
315109
315297
315539
315749
316134
316183
316231
316281
316324
317089
317139
317193
317235
317753
317796
317841
317890
317943
317984
318084
318338
318377
318420
318493
318566
318639
318704
318769
318834
318899
318964
319022
319080
319138
319196
319247
319303
319359
319415
319469
319523
319574
319625
319676
319727
319781
319835
319889
319943
319997
320051
320108
320165
320217
320269
320321
320373
320425
320476
320530
320584
320638
320692
320746
320800
320843
321198
321254
321312
321371
321410
321863
321908
323297
323542
323677
323803
323856
323904
324215
324406
324446
324585
324633
324681
324729
324777
324825
324873
324915
324966
325009
325055
325103
325152
325214
325270
325326
325379
325422
325484
325540
325581
325639
325697
325755
325813
325858
325897
325961
326018
326073
326126
326178
326227
326280
326337
326383
326439
326496
326562
326614
326670
326723
326780
326842
326908
326969
327021
327416
327469
327525
327653
327694
327739
327779
327823
327860
327901
327941
327985
328043
328101
328158
328215
328264
328311
328346
328385
328425
328465
328646
328686
328728
