88672
88776
88879
88983
89087
89191
89295
89398
89501
89604
89707
89811
89915
90018
90122
90225
90327
90430
90532
90635
90739
90843
90947
91050
91154
91258
91362
91434
91538
91640
91744
91847
91951
92072
92175
92279
92383
92487
92590
92693
92795
92898
93001
93104
93208
93312
93416
93520
93623
93726
93830
93933
94036
94138
94241
94345
94448
94552
94655
94757
94860
94964
95068
95172
95275
95378
95481
95583
95686
95790
95894
95997
96100
96203
96306
96410
96513
96970
97073
97177
97279
97381
97484
97587
97709
97813
97917
98020
98123
98225
98329
98431
98535
98638
98742
98846
98950
99054
99156
99259
99363
99467
99570
99672
99776
99878
99981
100084
100188
100292
100396
100500
100604
100708
100812
100915
101018
101122
101224
101328
101432
101535
101639
101742
101844
101947
102051
102154
102256
102360
102462
102565
102669
102773
102877
102980
103084
103188
103291
103395
103499
103602
103705
103808
103912
104016
104120
104223
104327
104431
104534
104637
104836
107933
108036
108140
108244
108348
108450
108553
108656
108759
108863
108967
109070
109173
109276
109379
109481
109585
109687
109790
109893
109997
110100
110204
110307
110409
110513
110617
110720
110823
110927
111030
111133
111237
111340
111444
111548
111651
111755
111859
111963
112066
112170
112273
112377
112479
112583
112687
112789
112944
113048
113151
113253
113356
113458
113561
113664
113664
113812
113915
114018
114122
114223
114326
114430
114533
114637
114740
114844
114948
115050
115153
116393
116497
116599
116741
116845
116949
117053
117157
117261
117364
117466
117569
117672
117776
117880
117983
118086
118189
118293
118404
118507
118611
118715
118819
118923
119027
119130
119233
119335
119438
119542
119644
119748
119852
119955
120096
120200
120302
120406
120510
120612
120716
120820
120923
121026
121130
121233
121337
121441
121544
121648
121752
121856
121959
122062
122165
122267
122370
122474
122577
122696
122800
122903
123007
123111
123214
123317
123420
123523
123626
124081
124184
124288
124391
124493
124597
124700
124801
124903
125007
125110
125214
125317
125421
125524
125626
125729
125832
125936
126040
126144
126246
126349
126453
126554
126656
126759
126863
126967
127069
127172
127276
127380
127482
127586
127689
127793
127897
128001
128105
128209
128313
128416
128519
128623
128726
128829
128933
129036
129139
129255
129357
129461
129565
129667
129770
129873
129976
130079
130182
130286
130389
130493
130597
130701
130811
130914
131018
131121
131225
131327
131431
131534
131707
131810
131913
132017
132121
132225
132328
132432
132535
132639
132743
132846
132950
133054
133158
133262
133365
133468
133572
133675
133779
133882
133985
134089
134193
134296
134399
134502
134606
134710
134814
134917
135020
135123
135225
135328
135432
135536
135639
135743
135846
135949
136051
136153
136255
136359
136463
136567
136670
136773
136876
136980
137084
137186
137289
137392
137496
137600
137702
137806
137910
138013
138116
138220
138323
138426
138528
138631
138734
138838
139303
139407
139510
139613
139717
139819
139922
140026
140128
140230
140333
140436
140538
140642
140746
140849
140951
141055
141159
141263
141366
141470
141573
141676
141780
141883
141986
142089
142193
142296
142400
142503
142607
142710
142813
142915
143017
143121
143225
143328
143432
143536
143640
143743
143846
143950
144053
144157
144260
144364
144467
144571
144674
144777
144880
144983
145086
145189
145292
145394
145498
145602
145706
145810
145913
146017
146120
146224
146327
146431
146533
146636
146739
146842
146944
147048
147151
147254
147358
147461
147564
147668
147771
147875
147978
148082
148186
148289
148393
148497
148601
148703
148807
148910
149014
149117
149220
149324
149428
149531
149634
149737
149841
149944
150048
150151
150254
150357
150459
150561
150665
150768
150870
150974
151078
151181
151283
151386
151489
151592
151696
151799
151903
152006
152109
152212
152315
152419
152523
152625
152728
152831
152934
153045
153149
153252
153355
153458
153562
153664
153767
153871
153975
154078
154180
154283
154386
154489
154593
154697
154800
154904
155008
155080
155184
155288
155392
155495
155598
155701
155804
155908
156011
156115
156219
156322
156425
156528
156631
156735
156838
156941
157044
157147
157251
157355
157813
157916
158018
158121
158224
158328
158432
158535
158639
158743
158847
158950
159053
159157
159260
159363
159467
159571
159674
159777
159880
159982
160086
160190
160293
160397
160501
160602
160706
160809
160912
161015
161119
161223
161326
161430
161533
161636
161740
161843
161946
162049
162153
162257
162361
162464
162567
162671
162773
162877
162978
163082
163186
163290
163394
163497
163599
163702
163805
163909
164013
164117
164221
164325
164429
164533
164636
164740
164844
164948
165051
165154
165257
165361
165465
165568
165672
165776
165880
165983
166087
166198
166301
166404
166508
166611
166715
166819
166923
167027
167131
167235
167337
167441
167544
167648
167751
167854
167957
168061
168164
168267
168370
168473
168576
168678
168782
168886
168988
169092
169195
190387
190491
190594
190698
190801
190905
191008
191111
191213
191316
191420
191523
191627
191731
191833
191936
192039
192142
192245
192348
192452
192554
192658
192761
192864
192966
193070
193173
193277
193381
193485
193589
193692
193796
193899
194001
194104
194206
194309
194413
194516
194620
194819
194921
195025
195175
195321
195423
195526
195630
197277
197379
198324
198428
198531
198634
198738
198841
198945
199048
199151
199253
199356
199458
199561
204721
204824
204927
205031
205132
205235
205337
205441
205544
205648
205750
205854
205958
206060
206163
206267
206370
206473
206577
206680
206784
206888
206992
207095
207199
207303
207405
207508
207612
207715
207818
207920
208024
208128
208232
208336
208439
208542
208645
208749
208853
208956
209059
209162
209264
209368
209471
209575
209679
209782
209891
209994
210097
210201
210304
210414
210560
210663
210824
210927
211030
211134
211237
211341
211444
211546
211650
211754
211858
211961
212065
212168
212271
212348
212451
212820
212924
213027
213130
213233
213335
215301
215405
215507
215611
215713
215817
215920
216023
216127
216230
216334
216436
216539
216643
216747
216851
216953
217057
217160
217264
217367
217471
217575
217679
217783
217886
217997
218101
218205
218308
218411
218514
218618
218719
218821
218925
219029
219133
219237
219340
219444
219547
219651
219754
219858
219962
220081
220185
220289
220391
220495
220597
220701
220803
220907
221011
221114
221216
221320
221423
221527
221630
221733
221837
221941
222044
222148
222252
222355
222458
222561
222664
222950
223053
223157
223261
223365
223469
223573
223676
223779
223887
223991
224094
224196
224679
224783
224886
224989
233763
233867
233970
234074
234178
234281
234384
234487
234590
234694
234798
234901
235005
235109
235213
235316
235427
235530
235634
235738
235842
235945
236048
236151
236254
236356
236458
236561
236664
236767
236870
236974
237077
237180
237283
237387
237490
237593
237697
237805
237909
238013
238117
238220
238324
238426
238528
238631
238735
238838
238940
239043
239147
239251
239353
239457
239560
239664
239768
239871
239974
240078
240180
240626
240837
240940
241042
241144
241484
241586
241690
241793
241897
242039
242146
242250
242354
242457
245435
245539
245640
245743
245847
245950
246053
247254
247358
247462
247564
247668
247772
247876
247980
248083
248185
248289
248392
248496
248600
248702
248806
248910
249013
249117
249221
249325
249429
249531
249635
249739
249842
249944
250048
250152
250256
250360
250464
250567
250669
250772
250881
250984
251087
251191
251294
251398
251502
251604
251756
251860
251964
252067
252676
252779
252883
252986
253090
253193
253295
253398
253502
253606
253709
253812
253915
254017
254120
254224
254326
254429
254532
254636
254739
254843
254947
255049
255152
255256
258331
258435
258538
258647
258750
258854
258957
259059
259163
259266
259370
259473
259577
259681
259784
259887
259991
260095
260199
260308
260412
260515
260619
260722
260826
260930
261034
261136
261240
261359
261463
261566
261670
261774
261877
261980
262082
262186
262289
262392
262494
262598
262700
262802
262905
263009
263112
263216
263319
263423
263526
263629
263732
263836
263940
264042
264145
264248
264351
264455
264559
264662
264766
264918
265388
265491
265595
265699
265801
265903
266006
266109
266213
266317
266419
266523
266626
266730
266834
266937
267041
267661
267957
268061
268164
